image: map_test1.pgm
resolution: 0.05000
origin: [-5.500000, -5.000000, 0.000000]
negate: 0
occupied_thresh: 0.65
free_thresh: 0.196
