#image: map_test1.pgm
#origin: [-5.500000, -5.00000, 0.000000]
image: map_training.pgm
origin: [-10.00000, -7.50000, 0.000000]
resolution: 0.05000
negate: 0
occupied_thresh: 0.65
free_thresh: 0.196
