image: map_v2.pgm
resolution: 0.050000
origin: [-8.000000, -8.000000, 0.50000]
negate: 0
occupied_thresh: 0.65
free_thresh: 0.196

